-4.424761
-0.210635
-8.173937
-8.218392
5.300096
6.132497
-1.287404
5.190841
-9.306626
4.799650
7.812052
5.466025
3.867909
-9.913700
5.284894
-9.225913
8.179710
-3.010835
10.052412
-2.767198
1.466598
9.394442
-3.150746
9.225261
7.450553
2.188540
-1.270611
-4.156244
-6.441392
4.162645
9.357535
8.689830
0.085702
3.377857
1.167347
0.457072
-8.955483
-7.932848
-9.864055
-5.507159
7.322857
-4.495872
9.784979
2.985047
9.503618
0.162445
-8.987772
9.901012
-0.770950
-0.684956
9.034441
9.913432
-5.488829
4.142428
-7.239597
7.065042
-2.765573
7.371633
5.690070
9.526442
-7.793957
0.410763
-1.327742
-6.572273
9.380843
-5.983191
2.246028
-4.114094
-8.772658
9.257359
-3.574013
-7.867306
-2.761633
-6.014724
9.483602
-6.030412
2.192921
2.623382
-0.343974
-4.006596
2.800873
-0.632584
6.566622
-1.217533
1.223122
-7.780233
-1.622063
-0.228176
9.552360
4.323599
4.909584
4.388095
-1.081791
-1.165603
-0.560453
-3.471933
-5.884094
-5.918066
4.289965
-6.245681
2.531769
5.259681
-8.987013
-4.752985
3.506297
-4.879784
-7.438895
-9.799866
8.933574
-5.722343
-7.380140
9.192817
-3.398241
-4.857282
8.417080
-6.590476
2.523707
-3.860733
1.637544
9.507002
9.493515
6.772070
-8.840921
-6.650999
-1.148984
4.747104
-7.616459
7.337502
4.548523
-0.936894
0.684592
2.639607
-9.306760
-5.021719
-6.216411
-7.263218
2.479196
5.192763
-0.365610
4.781436
-5.546615
-2.048839
-3.221986
7.731242
-2.862473
-2.019307
-7.958435
-7.702669
-6.013632
-4.980944
4.028588
4.057157
7.851903
-0.467921
1.387579
2.757487
-6.789749
-0.319761
6.488334
8.017078
1.206345
4.842204
0.102355
-6.313471
2.163950
4.741359
8.309968
0.211555
-4.074661
4.781148
-6.241012
2.074706
4.090923
-2.509971
-6.738178
6.517896
7.542060
-1.729787
-9.101389
1.712544
3.845759
9.683237
-3.761340
3.902623
-0.788727
-5.466865
-2.028506
2.489153
-1.885625
-5.329089
-9.706325
-1.304934
7.702832
-1.546810
8.228141
-9.518538
-8.926705
-2.223523
-6.796232
9.434635
1.445661
-0.149468
-1.087955
-5.261862
-5.512182
-7.830074
1.539896
2.129799
0.662037
-0.616299
