-4.519041
-0.236342
-8.179566
-8.214108
5.302881
6.129081
-1.289037
5.187697
-9.307874
4.800944
7.815796
5.469260
3.869912
-9.918397
5.291482
-9.221380
8.178237
-3.020392
10.055536
-2.766431
1.467139
9.391182
-3.153907
9.224515
7.456914
2.188090
-1.267657
-4.150698
-6.446474
4.155652
9.354149
8.685470
0.085762
3.370686
1.176295
0.459263
-8.945828
-7.938562
-9.863662
-5.505832
7.318994
-4.490826
9.784886
2.987970
9.508545
0.162256
-8.988346
9.903361
-0.763920
-0.676509
9.037419
9.908918
-5.490100
4.144757
-7.238531
7.067283
-2.763811
7.371201
5.689586
9.522942
-7.791441
0.410908
-1.334242
-6.576674
9.380702
-5.976861
2.248645
-4.109552
-8.770974
9.261275
-3.574772
-7.859017
-2.768158
-6.020182
9.485884
-6.035380
2.185940
2.615095
-0.347028
-4.009036
2.794294
-0.633545
6.558319
-1.222547
1.228980
-7.779308
-1.623753
-0.230311
9.551419
4.320966
4.898829
4.385917
-1.085194
-1.159709
-0.569566
-3.468675
-5.878928
-5.915730
4.299875
-6.240795
2.519044
5.254833
-8.976192
-4.754122
3.502368
-4.886809
-7.438394
-9.797909
8.939865
-5.723884
-7.387455
9.191125
-3.390801
-4.856988
8.417304
-6.590660
2.521442
-3.866844
1.640377
9.503688
9.492275
6.763118
-8.840389
-6.654423
-1.141769
4.744271
-7.623050
7.329806
4.549851
-0.938035
0.680826
2.642868
-9.312902
-5.025961
-6.206291
-7.254352
2.480256
5.198836
-0.369086
4.784380
-5.545688
-2.051400
-3.218520
7.726084
-2.867748
-2.024150
-7.956429
-7.695333
-6.007066
-4.979786
4.030011
4.049764
7.851414
-0.469766
1.391353
2.754232
-6.781877
-0.325533
6.479275
8.018425
1.215122
4.845741
0.101733
-6.313628
2.163431
4.735840
8.310481
0.201828
-4.059900
4.786862
-6.236979
2.077815
4.090193
-2.512258
-6.733101
6.512443
7.542881
-1.726668
-9.105668
1.709738
3.849865
9.684359
-3.766276
3.900121
-0.788876
-5.478269
-2.029036
2.491104
-1.882714
-5.322097
-9.705939
-1.299437
7.705887
-1.546954
8.223807
-9.509612
-8.933795
-2.218827
-6.796696
9.436402
1.451991
-0.150113
-1.080500
-5.261900
-5.512914
-7.833538
1.545511
2.131984
0.658418
-0.612843
