  -1.5484602e+02
   4.3609586e+02
   3.4743294e+02
  -1.6832504e+02
  -4.0444861e+02
  -9.7948621e+02
  -1.0839477e+02
   4.8637686e+02
   2.0876740e+02
   2.7737715e+01
   5.6816319e+02
  -2.0811819e+02
   1.2499297e+02
  -2.7121740e+02
  -2.8134742e+02
   1.5769457e+02
   3.5119421e+02
   7.4018782e+01
   7.8828559e+01
  -2.9725213e+02
  -1.9590239e+02
  -3.9080578e+02
  -7.4277203e+02
   1.1723924e+02
  -1.9093050e+02
  -1.1966033e+03
   2.1010555e+02
  -3.3061497e+02
   2.2034595e+02
  -5.3760397e+02
   1.8719662e+01
   1.8900247e+02
   3.1139196e+02
  -7.8795062e+02
  -9.3392115e+02
  -1.2776802e+02
  -6.8726993e+00
  -1.8547433e+01
  -1.8687746e+02
   6.4365989e+00
   5.9452727e+02
   5.0695727e+02
  -9.5102901e+01
  -1.7909852e+02
  -9.5082973e+01
   1.3427239e+02
  -8.4284621e+02
  -2.1442048e+02
  -2.8640523e+02
   7.1730709e+01
  -4.3402053e+02
   2.8138206e+02
   4.8428659e+02
   4.9611455e+02
  -9.4700212e+02
   2.9651349e+02
   5.4443498e+01
   4.6825426e+02
   3.2796057e+02
  -2.3114074e+02
   6.1173423e+02
  -3.6745001e+00
  -1.3664700e+01
  -9.0512130e+02
  -8.3868401e+02
  -5.0789634e+02
   3.6290492e+02
   2.1223300e+02
   6.6827198e+02
   6.9689517e+01
   6.4513873e+02
  -1.7135452e+02
   6.1010420e+01
  -2.2374447e+02
   2.7028422e+02
  -7.0440923e+02
   1.1028015e+03
  -4.1601296e+02
  -8.5796904e+02
  -4.0892801e+02
   3.0367634e+02
  -9.9140775e+01
  -6.4535995e+00
  -9.4109691e+01
   8.3671076e+00
  -6.2336510e+02
  -6.2810424e+02
   3.6663224e+02
   6.9770367e+02
  -7.2577166e+02
   1.0780021e+02
   5.6700830e+02
  -3.4338943e+01
  -5.9418183e+02
  -4.8844425e+02
  -2.1048739e+02
   9.8780221e+01
   4.1696548e+02
   3.4928669e+02
   3.7175628e+02
  -1.8909042e+02
  -1.4824042e+02
  -5.2736342e+01
   2.0461569e+02
   8.4319937e+01
  -8.3978643e+01
   8.2080302e+02
   1.1804244e+02
   6.0931118e+02
  -2.7712083e+02
   2.8046332e+01
  -6.7874467e+02
   1.5513414e+02
   1.9562271e+02
   2.6167862e+02
   2.2329586e+02
  -2.6012643e+01
   2.5294483e+02
  -1.2010145e+03
  -1.7436690e+02
   2.1078776e+02
   9.8937056e+01
  -1.7305656e+01
  -2.0157118e+02
   4.7414601e+01
   7.5049347e+02
  -4.8092091e+02
  -5.0431981e+02
   3.3230839e+02
  -1.7642165e+02
   5.3911128e+02
   3.4518142e+02
   3.4906463e+02
   7.1167582e+02
  -4.9604966e+02
  -3.5835904e+02
  -2.5988807e+02
   4.2278532e+02
   6.8059772e+02
  -4.3039213e+02
   1.5765628e+02
  -5.7381010e+02
  -2.2637137e+02
   9.3421618e+01
  -9.4829689e+02
   1.0220198e+02
   1.2519749e+03
  -3.5553540e+02
  -8.0644892e+02
  -1.9695748e+02
  -3.6101497e+02
   1.1364359e+02
   8.3105766e+01
   1.9079813e+01
  -9.5353746e+01
  -1.8550963e+02
  -4.2458112e+01
   5.6266932e+02
  -5.6102872e+02
  -2.5378047e+02
   2.4204389e+02
  -1.4036595e+03
   1.8420379e+02
  -4.8012283e+02
  -7.6741508e+02
   8.5543478e+01
   1.3838137e+03
   3.0558698e+02
  -2.9803985e+02
  -3.2185299e+00
  -2.3254750e+02
   1.2178071e+02
  -4.9812979e+02
  -9.6032514e+02
  -5.8412217e+02
   6.3240678e+02
  -6.0902988e+01
   2.4841811e+02
  -4.5179037e+02
  -2.4643876e+02
   2.5425110e+02
  -3.4440877e+02
  -2.1387359e+02
   1.6977860e+02
  -3.9369316e+02
  -6.8362550e+02
  -1.0699712e+02
  -3.9399824e+02
   3.7729134e+02
  -2.8462032e+02
   3.0606777e+02
   4.7253322e+02
   5.6951509e+02
   2.8355391e+02
   4.3853928e+02
  -1.4766652e+02
   4.4862021e+02
  -5.6448783e+02
   3.8168784e+02
   2.1639686e+02
  -3.2536410e+02
   7.2297520e+02
   1.4687375e+02
  -3.4317545e+02
   1.5501386e+02
  -6.4834146e+02
  -1.2335498e+02
   5.3309624e+02
  -5.3132740e+02
   1.7347894e+01
   8.3293404e+02
   6.1585030e+02
  -5.5075755e+02
   8.4977649e+02
  -1.4126552e+02
   1.6395459e+02
  -2.4419945e+02
  -3.9367866e+02
  -3.4829521e+02
  -1.1833584e+03
   1.7775763e+02
  -3.1506546e+02
   4.8089735e+02
  -2.3514480e+02
   1.9788949e+01
   7.0953179e+02
   2.7874542e+02
   7.7796777e+02
   2.5831504e+02
   1.7048174e+01
  -4.4019799e+02
  -2.6014663e+02
   8.7962240e+02
  -4.0060313e+02
  -3.6478109e+02
  -7.6152677e+02
   6.4540988e+01
  -3.0153332e+00
   8.7111708e+02
  -5.2403543e+02
  -6.0942545e+02
  -5.9471656e+01
   2.0971921e+02
  -4.9834945e+02
   3.2897608e+02
  -8.3518960e+02
  -3.3561489e+02
  -1.4699282e+01
  -7.8417064e+02
  -2.2619364e+02
  -9.5231310e+02
  -1.6390200e+01
   8.6965363e+02
   5.1902182e+02
  -5.7046984e+02
  -5.9652786e+02
  -3.4234378e+02
   4.0229548e+02
  -6.1427117e+02
   5.3278863e+01
  -1.4442006e+02
   4.2410724e+02
   1.1024413e+03
  -7.2052569e+02
   8.0964039e+02
  -3.0191104e+02
   6.9451734e+02
  -9.9766181e+01
   3.8617532e+02
  -1.9581129e+02
   9.3729077e+01
   6.5882275e+01
   2.1451989e+02
  -9.5588313e+01
   6.8301804e+02
   2.1150865e+02
   5.7826994e+02
  -7.5538297e+02
  -3.6600741e+02
   5.2207850e+02
   8.6364752e+01
  -8.7286334e+02
  -4.2922557e+02
  -2.4543905e+02
  -8.7460879e+01
  -5.2640368e+02
   6.7395245e+02
   1.2923369e+02
  -1.2976169e+02
  -4.1959103e+02
   8.1841732e+02
  -3.4010769e+02
   2.4200448e+02
   3.0724907e+02
   9.8213087e+02
   5.3874023e+02
  -4.1302734e+01
  -6.7309046e+02
  -3.4827210e+02
  -2.8152287e+02
  -7.7592819e+02
  -4.1713242e+02
   2.7489250e+02
   6.0375050e+02
   4.4015419e+02
   1.4834739e+02
   5.2882122e+02
   9.2080067e+02
   5.9269784e+02
  -8.6044652e+01
   1.4061062e+02
  -7.0334475e+02
   1.7709537e+02
  -2.2192477e+02
   7.4593062e+02
  -3.5536631e+02
   1.6016056e+02
  -2.1082519e+02
  -2.9033035e+02
  -6.6956506e+02
   6.3888680e+02
   7.4404943e+02
   3.1365790e+01
   7.3687253e+02
  -5.4788546e+02
   1.1039385e+03
  -6.2234224e+02
  -2.9685361e+02
  -1.5554721e+02
   2.3203627e+02
  -1.9974848e+02
   9.3618258e+02
   7.3531024e+02
  -3.4555545e+02
  -1.3552123e+02
  -1.1980095e+03
   2.2644303e+02
   1.8496213e+02
  -5.7166020e+02
  -8.2527844e+00
  -6.7814590e+02
  -2.3670040e+02
  -7.1269644e+02
  -2.5618780e+02
  -2.8901655e+02
   7.2482007e+02
  -4.0354251e+01
  -3.4228946e+02
   8.7754656e+02
   2.3648293e+02
  -1.9895659e+01
  -7.7250172e+02
   3.0594644e+02
   2.9649690e+02
   5.0599383e+02
  -6.6072348e+02
  -5.2854025e+02
   7.1897083e+02
  -7.6972716e+01
   1.1164585e+03
  -7.2609484e+02
  -2.3266602e+02
   1.4182745e+02
  -9.0819544e+02
   2.2014018e+02
  -7.9725673e+02
   2.3014985e+02
   4.0497364e+02
   2.5572325e+02
   7.5160548e+02
   1.8421557e+02
   3.2980928e+02
   5.0685134e+02
  -2.6905210e+02
  -4.6011224e+02
  -2.3084278e+02
   4.7664815e+02
   7.8392626e+02
  -6.6225857e+02
   4.1078543e+02
  -8.4757914e+01
  -1.4308398e+02
   6.3294038e+02
  -2.0668004e+02
  -3.2533362e+02
   6.8864081e+02
  -6.3663704e+02
   5.9613656e+02
  -6.8227915e+01
   2.1917574e+02
  -4.4896979e+02
   1.1097689e+03
   9.4522287e+01
  -1.5444686e+02
   5.0570257e+02
   1.0058707e+03
   4.9616968e+01
   7.0836308e+02
  -3.7922141e+02
   1.4524528e+02
  -1.6917341e+01
  -4.4977952e+02
  -2.8161594e+02
  -3.9549250e+02
   6.1412011e+02
   6.0021600e+01
  -6.1445637e+02
   3.2038548e+02
  -3.3752462e+02
   6.7779672e+02
   1.4166560e+01
   3.7664225e+02
  -2.5635851e+02
   2.7404962e+01
   1.9575372e+02
  -7.9580234e+02
  -6.8663365e+02
   4.7375539e+02
   2.2108494e+02
  -7.9826278e+02
  -5.2273197e+02
  -2.5550235e+02
   6.5058304e+01
  -7.0645426e+02
   4.1286174e+02
  -1.0362090e+03
   2.2160175e+02
   3.8910806e+02
  -5.8392283e+02
  -2.1210400e+02
  -2.7977323e+02
  -5.1223934e+02
  -5.4992787e+02
   1.4641473e+02
   4.5909699e+02
   6.0851073e+02
  -3.0083873e+02
  -3.0387368e+02
  -5.5218435e+00
   7.6207222e+01
   3.7374553e+02
  -3.5196010e+02
   7.6241397e+02
  -6.3437293e+02
   9.6393849e+01
  -4.6498915e+02
  -6.1969925e+02
  -4.9575369e+02
   1.9256536e+01
  -4.8110250e+02
   1.6880889e+02
  -5.3434407e+02
   6.0255156e+02
  -2.7732041e+02
  -5.4315407e+02
   2.8573493e+02
  -3.0192481e+02
   9.7265705e+02
  -7.6757492e+01
  -2.4320898e+02
   2.2966458e+02
  -1.1047394e+02
  -2.1959812e+01
   4.3546854e+02
   3.2186532e+02
  -2.8035437e+02
   5.7650842e+02
   4.2564585e+02
  -3.6839012e+02
  -6.9638054e+02
  -1.1905424e+02
  -5.7238106e+02
  -1.8414898e+02
   8.3249333e+02
  -5.1172423e+02
   1.3908780e+03
   3.6875096e+02
   2.8678720e+02
  -6.2735196e+02
  -3.6302733e+02
  -4.3301679e+00
  -8.9584653e+01
  -6.8439504e+01
  -5.6398393e+02
   1.0705304e+02
  -5.1198582e+02
   2.2811221e+02
  -1.5403630e+02
   2.8647574e+02
   1.2356234e+03
  -4.1382842e+02
   4.4220698e+02
  -6.4473112e+01
   4.4155685e+02
   5.5036098e+02
  -4.6930805e+02
  -6.4368581e+02
   6.0977663e+01
   2.0227022e+02
  -1.9656071e+02
  -5.9980931e+02
  -8.9216878e+01
  -9.2864919e+02
   1.1614694e+02
  -6.5499516e+02
  -4.8128389e+02
   6.5159584e+02
   4.6156056e+01
  -4.7829488e+02
   1.1345765e+02
  -5.8035473e+02
   2.8656116e+02
  -2.6171838e+02
   2.3916510e+02
  -1.3486652e+02
  -6.5859069e+01
   1.8243628e+02
   5.5957871e+02
   5.3872328e+02
   7.7465968e+01
   2.4805151e+02
  -2.7002882e+01
   1.9308948e+02
  -9.5080285e+02
  -1.5518937e+02
   2.3553623e+02
   1.1228046e+02
  -6.2051404e+02
   2.1093867e+02
  -6.1704594e+02
   5.7076947e+02
  -3.3239482e+02
  -5.6329286e+00
  -7.2648101e+02
   5.1667417e+02
   6.0609706e+02
  -1.0551521e+02
   3.7554159e+02
  -1.7198355e+02
   9.3191244e+01
  -2.1685166e+02
   1.9136739e+02
  -6.9844368e+01
  -2.5437566e+02
  -2.3072712e+02
   8.8021671e+02
   4.5897937e+02
  -6.2600165e+02
  -8.9529328e+02
  -2.8233736e+02
  -3.9998504e+02
   3.5944875e+02
  -4.3477217e+02
  -3.4704235e+02
  -5.3859401e+02
   2.4612287e+02
   1.3794379e+02
  -4.1999172e+02
  -4.4217632e+02
  -3.7189730e+02
  -9.5273809e+02
   5.4444062e+02
  -3.6453185e+01
  -6.8352192e+02
  -3.2330227e+02
  -1.6391500e+02
   4.6433611e+02
  -4.9438467e+02
   4.4538355e+01
  -7.6254376e+02
   4.1960365e+02
   7.1346909e+01
   6.3305059e+01
   1.2345787e+02
   1.7345619e+02
  -4.8499884e+02
  -3.8152513e+02
  -7.0698782e+02
  -1.5544002e+02
  -7.0068947e+02
  -2.5399608e+02
  -9.5501744e+02
  -2.4825942e+02
   4.3902248e+02
  -6.2856236e+02
  -2.8129918e+02
  -4.9818816e+02
  -6.6062667e+02
   3.6025415e+02
  -4.3597261e+02
   7.0586115e+01
  -3.9179284e+02
  -2.8745306e+02
  -7.1499120e+02
   4.3783648e+01
   1.6916966e+02
   6.3860531e+00
   4.8857364e+02
   1.0099058e+02
   4.7499305e+02
   1.5942560e+02
  -2.5829083e+01
   2.6489368e+02
  -7.1424046e+02
   4.8510001e+02
   2.8012862e+02
  -6.3688379e+01
  -1.0560254e+03
  -1.1093201e+03
   8.8293661e+02
  -6.5511675e+02
   6.3641189e+02
   3.3177020e+02
   5.4645099e+02
  -4.4521975e+02
  -4.0495565e+02
   8.6920258e+02
   1.7958782e+02
   1.9143048e+02
  -2.0189169e+02
   1.1157011e+02
  -2.6324626e+02
   7.5761267e+02
   2.2627323e+01
   1.4742340e+03
  -6.8703623e+01
   5.5874294e+02
   1.3850632e+02
   4.7286593e+02
   1.4317584e+01
   8.7132783e+02
   6.0099400e+02
   4.1393139e+02
  -7.8212670e+02
  -6.4151777e+02
   3.4550779e+01
  -7.6052679e+01
  -1.6385812e+02
   4.9164538e+02
   1.9908736e+02
   1.2171944e+02
   2.7706014e+02
  -8.6028145e+01
   1.5289628e+02
  -3.9544894e+02
  -3.8867672e+02
   9.4782722e+01
  -3.5906136e+02
  -6.7065897e+02
   1.1343068e+03
   8.0910301e+02
  -3.8074099e+02
   8.1924112e+01
  -1.7784924e+02
   7.5238306e+02
  -2.6081035e+02
   2.5945272e+02
   5.3650355e+02
  -2.1792631e+02
  -2.1963450e+02
  -9.5086445e+02
   2.0284872e+02
   2.0250279e+02
  -2.1808964e+02
  -1.2370566e+03
  -9.2378729e+01
   4.4099291e+02
  -2.6072329e+02
  -2.4253999e+02
  -3.7670896e+02
   1.8900450e+02
  -1.1993766e+02
  -6.8127074e+01
   6.1636899e+02
   4.4825597e+02
   4.8275160e+02
   2.2634409e+02
   3.4252428e+01
   4.1224590e+02
  -1.3555501e+02
  -6.9750302e+02
  -3.7557571e+02
  -6.1776469e+02
   2.7543082e+02
  -5.9678064e+02
  -7.3954488e+02
   8.7688646e+01
   2.2653958e+02
  -1.4180792e+02
   5.4341106e+02
   3.6204991e+02
   2.9459694e+02
   5.8803781e+02
   6.5125931e+02
   2.7936340e+02
   2.2422312e+02
  -6.1409028e+01
  -1.0944858e+02
  -1.6654829e+02
  -3.2166347e+01
   4.0789534e+02
   5.0906867e+01
   5.9033233e+02
   5.8124647e+01
  -8.4557702e+02
   7.7044032e+02
  -4.3634414e+01
  -1.5611295e+02
  -5.2945325e+02
  -1.3248848e+02
   4.9189679e+02
   3.0218037e+01
   6.2434291e+01
   2.9508474e+02
   2.0550268e+02
  -4.3858418e+02
   3.1259208e+02
   2.6652486e+02
   9.3006968e+02
   4.1442138e+02
  -8.4700422e+01
  -9.5520108e+01
   9.3499833e+02
   4.8473804e+02
  -2.3290721e+02
  -8.1810132e+01
   4.9348828e+02
  -5.2283502e+01
  -4.6294395e+02
  -4.3055583e+01
  -1.3828952e+02
   6.7533244e+02
   6.0131866e+02
   3.7331733e+02
   2.1084199e+02
   1.7335896e+02
  -7.5843357e+02
   7.5338937e+02
   2.1744524e+02
  -8.2086575e+02
  -2.4567640e+02
   2.0701373e+02
   3.5328923e+02
  -3.9039114e+02
   1.7568713e+02
  -1.7870957e+02
   4.3301983e+02
   6.1379149e+01
   5.0115834e+02
  -6.2535870e+02
   5.3042105e+02
   1.6911085e+02
  -1.5681948e+02
  -2.1325552e+02
   5.6701019e+02
  -1.5455975e+02
   4.1896855e+02
  -1.5361680e+02
  -3.2688789e+00
   2.8739443e+02
   1.1175901e+03
  -5.3265497e+01
   1.1657586e+02
   9.8241404e+01
  -1.3034088e+02
   3.9473129e+02
   2.0247956e+02
  -5.1680866e+02
  -1.5269597e+02
   3.2499719e+02
  -4.7175380e+02
  -1.6457486e+02
   3.1463588e+02
  -2.0817335e+02
  -2.3999325e+02
  -6.3581540e+02
  -3.6473878e+02
   4.4813208e+02
  -3.3778478e+02
  -2.6844686e+02
   8.8336166e-01
   1.4848766e+02
  -3.3194866e+02
  -1.7454526e+02
   8.8204742e+02
   3.6268448e+02
   7.2310131e+02
   1.0232226e+03
   2.7872175e+02
   1.9866378e+02
   6.9358095e+00
  -3.7607208e+02
  -3.6764219e+02
  -5.2385215e+02
  -1.5049936e+02
  -5.6958091e+02
   4.2853444e+01
   6.2810923e+02
   4.9675776e+02
  -2.5806253e+02
   3.9151782e+02
   7.6814879e+02
   4.1048647e+01
  -5.3076661e+02
  -3.8113685e+02
  -6.3330100e+01
  -2.8552090e+02
  -3.3621883e+02
   4.5244700e+02
   8.2869851e+02
  -2.7228118e+02
   5.6710669e+02
  -4.7017287e+02
  -2.6885082e+02
  -3.3046935e+02
   1.1692612e+03
   5.8409627e+02
   1.0263646e+03
   5.6960103e+02
   6.3906938e+02
   2.4905788e+02
  -7.1688267e+02
  -2.3450993e+02
  -2.6876355e+02
  -4.4141982e+02
  -6.4281741e+01
  -4.2509683e+02
  -1.0221249e+02
   6.0187763e+01
  -3.5687224e+00
   2.0888242e+02
   7.6701338e+02
   7.5966599e+02
   2.8403152e+02
   3.7417137e+02
   5.4439921e+02
   8.2669471e+02
  -2.0948621e+00
  -7.7980382e+02
   1.4629261e+02
  -1.0802385e+03
   4.0041904e+00
  -4.7504693e+02
   1.0332943e+03
  -5.7660233e+02
  -4.5985437e+01
  -1.4897824e+03
   7.0640548e+02
  -4.8778940e+02
   2.2649019e+02
   1.0305306e+03
  -3.8322522e+02
   4.8197362e+02
   2.8027548e+02
   5.0953157e+02
  -1.4966568e+02
  -6.8096110e+01
   9.7348424e+01
  -2.3594834e+02
  -1.6857022e+02
  -4.2089083e+01
  -6.5041586e+02
   5.4117214e+02
   1.1471550e+03
  -3.3442940e+02
   2.9190004e+01
   4.2984474e+02
   3.4360341e+02
   3.4914813e+02
  -9.6270046e+01
   3.6812913e+02
  -4.4932644e+02
   4.9374605e+02
   3.8325204e+02
   1.5112858e+01
  -1.2295174e+03
   4.9141568e+02
   5.5815275e+00
  -3.9405492e+02
  -1.1099993e+02
   8.3978278e+02
  -5.4678062e+02
   3.3136137e+02
  -1.1792379e+03
  -1.1375345e+02
   1.1508744e+01
   1.0416599e+02
   5.4329393e+02
   2.5589274e+02
   3.8775943e+02
   8.1366716e+02
   1.6175509e+01
  -2.3997570e+02
   2.6709385e+02
  -2.3501840e+02
   6.3675688e+02
   2.5387369e+02
  -6.2444274e+02
  -8.1439454e+02
  -8.0455635e+02
  -9.4360521e+01
   3.9947078e+01
  -3.7450287e+02
   1.0579134e+03
   3.7662317e+02
   6.0207105e+02
   8.5300493e+01
   9.0669206e+02
  -3.3731059e+02
  -4.8905904e+02
  -4.4045328e+02
   7.9639517e+02
   2.0993575e+02
  -7.0544402e+02
  -6.7427390e+02
  -3.4901998e+02
   9.3692472e+02
   8.3848452e+01
  -7.3407853e+02
   2.3755096e+02
  -1.0113195e+03
   1.0191538e+02
  -1.1376279e+02
   1.9522859e+02
  -6.2154205e+02
   1.0858854e+03
  -1.3236166e+02
  -4.7944859e+02
  -2.4107237e+02
  -5.3146866e+02
   8.1265765e+01
   4.0889523e+02
   8.1220070e+01
  -8.5341487e+02
  -2.3915284e+01
  -8.9989246e+02
   3.6594928e+02
  -3.0196818e+02
  -2.3084582e+02
   1.3536176e+02
  -3.2338748e+02
   7.9956899e+02
  -8.3853871e+01
  -3.3461976e+02
  -1.0880590e+02
   1.3118686e+02
  -1.6073865e+02
  -8.9988130e+01
   3.2972979e+00
   1.2933335e+02
  -3.7907741e+02
  -9.4424089e+01
   1.0917005e+03
  -8.0429684e+00
  -2.1713848e+02
  -2.7213747e+01
  -7.8240933e+02
  -3.7015495e+02
   2.5701025e+02
   1.6592561e+02
  -2.1025633e+02
   3.3103146e+02
   7.1376437e+02
   4.2944160e+02
  -2.5348420e+02
   4.1895481e+02
  -6.8782470e+02
  -4.8493709e+02
  -2.3336851e+02
  -5.1662597e+02
   3.8691600e+02
   2.8502273e+02
   4.9110711e+02
  -3.2115664e+02
   8.4626425e+02
  -4.0644905e+02
  -7.0824590e+02
   4.5847303e+02
  -6.5344663e+02
  -6.8302391e+01
  -2.8790802e+02
  -8.3511504e+02
   1.1033020e+03
  -1.0307901e+02
  -2.4373767e+02
  -7.4046848e+02
  -2.6228459e+01
  -6.7754578e+02
  -2.0283140e+02
   7.0893732e+01
  -4.9083446e+02
  -1.1484880e+03
  -3.8630095e+02
  -7.0955647e+02
  -6.6312380e+02
  -4.6036286e+02
   3.5783607e+02
  -1.8924308e+02
   1.3259104e+03
  -1.6628931e+02
