-4.44545914
-0.24106792
-8.16737457
-8.21638954
5.30768070
6.13035586
-1.28965393
5.19319369
-9.31209830
4.79971415
7.81369259
5.47218668
3.86884656
-9.92034413
5.29062134
-9.22448037
8.18126818
-3.01637830
10.06245466
-2.76356035
1.47073918
9.39307950
-3.15184269
9.22640343
7.45935712
2.18499586
-1.26884274
-4.15359241
-6.44767037
4.16155176
9.35599524
8.69101383
0.08500954
3.37191631
1.17137516
0.45887570
-8.94715622
-7.94143384
-9.86595678
-5.50121612
7.31872370
-4.49281036
9.79200361
2.98694151
9.51118878
0.15977698
-8.99053080
9.90194230
-0.76308143
-0.67779160
9.03970428
9.91148312
-5.49181486
4.14819471
-7.24520293
7.06779111
-2.76783989
7.37408427
5.69243054
9.53051696
-7.79316699
0.40807279
-1.33550517
-6.57828127
9.38510743
-5.98264433
2.24809078
-4.11563403
-8.77658061
9.26423913
-3.57630309
-7.86266465
-2.76455594
-6.01540617
9.48846180
-6.03444617
2.19149045
2.61915779
-0.34307468
-4.01075099
2.79590095
-0.63101900
6.56038469
-1.22040267
1.22870797
-7.78634625
-1.62170349
-0.22497010
9.55395565
4.32353077
4.89908244
4.38584789
-1.08324431
-1.16100863
-0.56859911
-3.47257325
-5.88417505
-5.91371443
4.29651786
-6.24015506
2.52595744
5.25497058
-8.98079793
-4.75545837
3.50069506
-4.88604961
-7.44039462
-9.80025777
8.93780998
-5.72443289
-7.38839989
9.19323403
-3.39735290
-4.85885641
8.42359009
-6.59525532
2.52298094
-3.86793440
1.63876081
9.51072489
9.49520336
6.76753248
-8.84376607
-6.65420339
-1.14127738
4.74935857
-7.62493583
7.33858791
4.54784905
-0.93163361
0.68277527
2.64470580
-9.31426865
-5.02322024
-6.21169274
-7.25960795
2.48178902
5.19919000
-0.36847327
4.79065973
-5.54895342
-2.05049858
-3.22114966
7.73063387
-2.86227086
-2.01997241
-7.96370251
-7.69958200
-6.00843414
-4.98032715
4.03304928
4.05267391
7.85145461
-0.47042526
1.39186480
2.75581799
-6.78445790
-0.32791814
6.48537891
8.02011163
1.21309093
4.84439163
0.09932712
-6.31809317
2.16300848
4.73587847
8.30853161
0.20778830
-4.06301313
4.78418327
-6.24363563
2.07710629
4.09070435
-2.50898171
-6.73224555
6.51540895
7.54569944
-1.73088094
-9.10914262
1.71209553
3.84826973
9.68534736
-3.76442042
3.90060106
-0.78759985
-5.47650273
-2.02897982
2.49332605
-1.88601055
-5.32667014
-9.71050772
-1.29796445
7.70676362
-1.54715417
8.22613382
-9.51385167
-8.93667474
-2.22269901
-6.80013791
9.43942414
1.45161068
-0.14735027
-1.08081082
-5.26334391
-5.51626784
-7.83776906
1.54241880
2.13030618
0.65918539
-0.61150913
