-4.51909857
-0.23624930
-8.17958903
-8.21415953
5.30287778
6.12908446
-1.28903583
5.18769637
-9.30787231
4.80094812
7.81579298
5.46926005
3.86991178
-9.91839157
5.29147932
-9.22138295
8.17824282
-3.02039458
10.05553057
-2.76643605
1.46713852
9.39118247
-3.15390528
9.22451286
7.45691389
2.18809336
-1.26765433
-4.15069359
-6.44647823
4.15564800
9.35414877
8.68546419
0.08575826
3.37068354
1.17629464
0.45926227
-8.94583027
-7.93855923
-9.86366545
-5.50583804
7.31899337
-4.49082692
9.78488338
2.98797340
9.50854114
0.16225804
-8.98834610
9.90336328
-0.76392149
-0.67650569
9.03742075
9.90891665
-5.49010062
4.14475507
-7.23852547
7.06728465
-2.76380265
7.37119821
5.68958444
9.52294079
-7.79144135
0.41091237
-1.33423886
-6.57666867
9.38069979
-5.97686052
2.24863943
-4.10955170
-8.77096868
9.26127241
-3.57476852
-7.85901197
-2.76816004
-6.02019133
9.48588140
-6.03537764
2.18593572
2.61509114
-0.34703102
-4.00903361
2.79429588
-0.63354044
6.55832006
-1.22254728
1.22897659
-7.77930155
-1.62375713
-0.23031519
9.55142021
4.32096163
4.89883291
4.38591465
-1.08519310
-1.15970080
-0.56955891
-3.46867632
-5.87892861
-5.91573106
4.29987132
-6.24080191
2.51904250
5.25483495
-8.97619374
-4.75411859
3.50236531
-4.88680923
-7.43839470
-9.79789994
8.93986730
-5.72388788
-7.38745507
9.19112531
-3.39080030
-4.85698973
8.41730076
-6.59065822
2.52144470
-3.86684619
1.64038007
9.50368807
9.49227117
6.76311405
-8.84039095
-6.65442635
-1.14176996
4.74426657
-7.62305173
7.32980250
4.54985184
-0.93803723
0.68082329
2.64286564
-9.31290155
-5.02596050
-6.20629147
-7.25435133
2.48025609
5.19883725
-0.36908103
4.78437779
-5.54568398
-2.05140330
-3.21852073
7.72607976
-2.86775256
-2.02415625
-7.95642852
-7.69532656
-6.00706988
-4.97977956
4.03000758
4.04976322
7.85141604
-0.46976546
1.39135439
2.75423361
-6.78187682
-0.32553078
6.47926959
8.01842535
1.21511860
4.84574501
0.10173722
-6.31362572
2.16343864
4.73584023
8.31048051
0.20182557
-4.05989580
4.78686281
-6.23697249
2.07781715
4.09019087
-2.51226390
-6.73309950
6.51243923
7.54287320
-1.72666259
-9.10567030
1.70973710
3.84986578
9.68436469
-3.76627816
3.90012003
-0.78887573
-5.47826672
-2.02903381
2.49110200
-1.88271681
-5.32209306
-9.70593762
-1.29944155
7.70588749
-1.54695445
8.22380712
-9.50961391
-8.93379291
-2.21882435
-6.79669097
9.43639896
1.45199316
-0.15011303
-1.08049897
-5.26189820
-5.51291381
-7.83353269
1.54551492
2.13198941
0.65841593
-0.61284227
